01012020
02012020
03012020
04012020
05012020
06012020
07012020
08012020
09012020
10012020
11012020
12012020
13012020
14012020
15012020
16012020
17012020
18012020
19012020
20012020
21012020
22012020
23012020
24012020
25012020
26012020
27012020
28012020
29012020
30012020
31012020
01022020
02022020
03022020
04022020
05022020
06022020
07022020
08022020
09022020
10022020
11022020
12022020
13022020
14022020
15022020
16022020
17022020
18022020
19022020
20022020
21022020
22022020
23022020
24022020
25022020
26022020
27022020
28022020
29022020
01032020
02032020
03032020
04032020
05032020
06032020
07032020
08032020
09032020
10032020
11032020
12032020
13032020
14032020
15032020
16032020
17032020
18032020
19032020
20032020
21032020
22032020
23032020
24032020
25032020
26032020
27032020
28032020
29032020
30032020
31032020
01042020
02042020
03042020
04042020
05042020
06042020
07042020
08042020
09042020
10042020
11042020
12042020
13042020
14042020
15042020
16042020
17042020
18042020
19042020
20042020
21042020
22042020
23042020
24042020
25042020
26042020
27042020
28042020
29042020
30042020
01052020
02052020
03052020
04052020
05052020
06052020
07052020
08052020
09052020
10052020
11052020
12052020
13052020
14052020
15052020
16052020
17052020
18052020
19052020
20052020
21052020
22052020
23052020
24052020
25052020
26052020
27052020
28052020
29052020
30052020
31052020
01062020
02062020
03062020
04062020
05062020
06062020
07062020
08062020
09062020
10062020
11062020
12062020
13062020
14062020
15062020
16062020
17062020
18062020
19062020
20062020
21062020
22062020
23062020
24062020
25062020
26062020
27062020
28062020
29062020
30062020
01072020
02072020
03072020
04072020
05072020
06072020
07072020
08072020
09072020
10072020
11072020
12072020
13072020
14072020
15072020
16072020
17072020
18072020
19072020
20072020
21072020
22072020
23072020
24072020
25072020
26072020
27072020
28072020
29072020
30072020
31072020
01082020
02082020
03082020
04082020
05082020
06082020
07082020
08082020
09082020
10082020
11082020
12082020
13082020
14082020
15082020
16082020
17082020
18082020
19082020
20082020
21082020
22082020
23082020
24082020
25082020
26082020
27082020
28082020
29082020
30082020
31082020
01092020
02092020
03092020
04092020
05092020
06092020
07092020
08092020
09092020
10092020
11092020
12092020
13092020
14092020
15092020
16092020
17092020
18092020
19092020
20092020
21092020
22092020
23092020
24092020
25092020
26092020
27092020
28092020
29092020
30092020
01102020
02102020
03102020
04102020
05102020
06102020
07102020
08102020
09102020
10102020
11102020
12102020
13102020
14102020
15102020
16102020
17102020
18102020
19102020
20102020
21102020
22102020
23102020
24102020
25102020
26102020
27102020
28102020
29102020
30102020
31102020
01112020
02112020
03112020
04112020
05112020
06112020
07112020
08112020
09112020
10112020
11112020
12112020
13112020
14112020
15112020
16112020
17112020
18112020
19112020
20112020
21112020
22112020
23112020
24112020
25112020
26112020
27112020
28112020
29112020
30112020
01122020
02122020
03122020
04122020
05122020
06122020
07122020
08122020
09122020
10122020
11122020
12122020
13122020
14122020
15122020
16122020
17122020
18122020
19122020
20122020
21122020
22122020
23122020
24122020
25122020
26122020
27122020
28122020
29122020
30122020
31122020
01012021
02012021
03012021
04012021
05012021
06012021
07012021
08012021
09012021
10012021
11012021
12012021
13012021
14012021
15012021
16012021
17012021
18012021
19012021
20012021
21012021
22012021
23012021
24012021
25012021
26012021
27012021
28012021
29012021
30012021
31012021
01022021
02022021
03022021
04022021
05022021
06022021
07022021
08022021
09022021
10022021
11022021
12022021
13022021
14022021
15022021
16022021
17022021
18022021
19022021
20022021
21022021
22022021
23022021
24022021
25022021
26022021
27022021
28022021
01032021
02032021
03032021
04032021
05032021
06032021
07032021
08032021
09032021
10032021
11032021
12032021
13032021
14032021
15032021
16032021
17032021
18032021
19032021
20032021
21032021
22032021
23032021
24032021
25032021
26032021
27032021
28032021
29032021
30032021
31032021
01042021
02042021
03042021
04042021
05042021
06042021
07042021
08042021
09042021
10042021
11042021
12042021
13042021
14042021
15042021
16042021
17042021
18042021
19042021
20042021
21042021
22042021
23042021
24042021
25042021
26042021
27042021
28042021
29042021
30042021
01052021
02052021
03052021
04052021
05052021
06052021
07052021
08052021
09052021
10052021
11052021
12052021
13052021
14052021
15052021
16052021
17052021
18052021
19052021
20052021
21052021
22052021
23052021
24052021
25052021
26052021
27052021
28052021
29052021
30052021
31052021
01062021
02062021
03062021
04062021
05062021
06062021
07062021
08062021
09062021
10062021
11062021
12062021
13062021
14062021
15062021
16062021
17062021
18062021
19062021
20062021
21062021
22062021
23062021
24062021
25062021
26062021
27062021
28062021
29062021
30062021
01072021
02072021
03072021
04072021
05072021
06072021
07072021
08072021
09072021
10072021
11072021
12072021
13072021
14072021
15072021
16072021
17072021
18072021
19072021
20072021
21072021
22072021
23072021
24072021
25072021
26072021
27072021
28072021
29072021
30072021
31072021
01082021
02082021
03082021
04082021
05082021
06082021
07082021
08082021
09082021
10082021
11082021
12082021
13082021
14082021
15082021
16082021
17082021
18082021
19082021
20082021
21082021
22082021
23082021
24082021
25082021
26082021
27082021
28082021
29082021
30082021
31082021
01092021
02092021
03092021
04092021
05092021
06092021
07092021
08092021
09092021
10092021
11092021
12092021
13092021
14092021
15092021
16092021
17092021
18092021
19092021
20092021
21092021
22092021
23092021
24092021
25092021
26092021
27092021
28092021
29092021
30092021
01102021
02102021
03102021
04102021
05102021
06102021
07102021
08102021
09102021
10102021
11102021
12102021
13102021
14102021
15102021
16102021
17102021
18102021
19102021
20102021
21102021
22102021
23102021
24102021
25102021
26102021
27102021
28102021
29102021
30102021
31102021
01112021
02112021
03112021
04112021
05112021
06112021
07112021
08112021
09112021
10112021
11112021
12112021
13112021
14112021
15112021
16112021
17112021
18112021
19112021
20112021
21112021
22112021
23112021
24112021
25112021
26112021
27112021
28112021
29112021
30112021
01122021
02122021
03122021
04122021
05122021
06122021
07122021
08122021
09122021
10122021
11122021
12122021
13122021
14122021
15122021
16122021
17122021
18122021
19122021
20122021
21122021
22122021
23122021
24122021
25122021
26122021
27122021
28122021
29122021
30122021
31122021
01012022
02012022
03012022
04012022
05012022
06012022
07012022
08012022
09012022
10012022
11012022
12012022
13012022
14012022
15012022
16012022
17012022
18012022
19012022
20012022
21012022
22012022
23012022
24012022
25012022
26012022
27012022
28012022
29012022
30012022
31012022
01022022
02022022
03022022
04022022
05022022
06022022
07022022
08022022
09022022
10022022
11022022
12022022
13022022
14022022
15022022
16022022
17022022
18022022
19022022
20022022
21022022
22022022
23022022
24022022
25022022
26022022
27022022
28022022
01032022
02032022
03032022
04032022
05032022
06032022
07032022
08032022
09032022
10032022
11032022
12032022
13032022
14032022
15032022
16032022
17032022
18032022
19032022
20032022
21032022
22032022
23032022
24032022
25032022
26032022
27032022
28032022
29032022
30032022
31032022
01042022
02042022
03042022
04042022
05042022
06042022
07042022
08042022
09042022
10042022
11042022
12042022
13042022
14042022
15042022
16042022
17042022
18042022
19042022
20042022
21042022
22042022
23042022
24042022
25042022
26042022
27042022
28042022
29042022
30042022
01052022
02052022
03052022
04052022
05052022
06052022
07052022
08052022
09052022
10052022
11052022
12052022
13052022
14052022
15052022
16052022
17052022
18052022
19052022
20052022
21052022
22052022
23052022
24052022
25052022
26052022
27052022
28052022
29052022
30052022
31052022
01062022
02062022
03062022
04062022
05062022
06062022
07062022
08062022
09062022
10062022
11062022
12062022
13062022
14062022
15062022
16062022
17062022
18062022
19062022
20062022
21062022
22062022
23062022
24062022
25062022
26062022
27062022
28062022
29062022
30062022
01072022
02072022
03072022
04072022
05072022
06072022
07072022
08072022
09072022
10072022
11072022
12072022
13072022
14072022
15072022
16072022
17072022
18072022
19072022
20072022
21072022
22072022
23072022
24072022
25072022
26072022
27072022
28072022
29072022
30072022
31072022
01082022
02082022
03082022
04082022
05082022
06082022
07082022
08082022
09082022
10082022
11082022
12082022
13082022
14082022
15082022
16082022
17082022
18082022
19082022
20082022
21082022
22082022
23082022
24082022
25082022
26082022
27082022
28082022
29082022
30082022
31082022
01092022
02092022
03092022
04092022
05092022
06092022
07092022
08092022
09092022
10092022
11092022
12092022
13092022
14092022
15092022
16092022
17092022
18092022
19092022
20092022
21092022
22092022
23092022
24092022
25092022
26092022
27092022
28092022
29092022
30092022
01102022
02102022
03102022
04102022
05102022
06102022
07102022
08102022
09102022
10102022
11102022
12102022
13102022
14102022
15102022
16102022
17102022
18102022
19102022
20102022
21102022
22102022
23102022
24102022
25102022
26102022
27102022
28102022
29102022
30102022
31102022
01112022
02112022
03112022
04112022
05112022
06112022
07112022
08112022
09112022
10112022
11112022
12112022
13112022
14112022
15112022
16112022
17112022
18112022
19112022
20112022
21112022
22112022
23112022
24112022
25112022
26112022
27112022
28112022
29112022
30112022
01122022
02122022
03122022
04122022
05122022
06122022
07122022
08122022
09122022
10122022
11122022
12122022
13122022
14122022
15122022
16122022
17122022
18122022
19122022
20122022
21122022
22122022
23122022
24122022
25122022
26122022
27122022
28122022
29122022
30122022
31122022
01012023
02012023
03012023
04012023
05012023
06012023
07012023
08012023
09012023
10012023
11012023
12012023
13012023
14012023
15012023
16012023
17012023
18012023
19012023
20012023
21012023
22012023
23012023
24012023
25012023
26012023
27012023
28012023
29012023
30012023
31012023
01022023
02022023
03022023
04022023
05022023
06022023
07022023
08022023
09022023
10022023
11022023
12022023
13022023
14022023
15022023
16022023
17022023
18022023
19022023
20022023
21022023
22022023
23022023
24022023
25022023
26022023
27022023
28022023
01032023
02032023
03032023
04032023
05032023
06032023
07032023
08032023
09032023
10032023
11032023
12032023
13032023
14032023
15032023
16032023
17032023
18032023
19032023
20032023
21032023
22032023
23032023
24032023
25032023
26032023
27032023
28032023
29032023
30032023
31032023
01042023
02042023
03042023
04042023
05042023
06042023
07042023
08042023
09042023
10042023
11042023
12042023
13042023
14042023
15042023
16042023
17042023
18042023
19042023
20042023
21042023
22042023
23042023
24042023
25042023
26042023
27042023
28042023
29042023
30042023
01052023
02052023
03052023
04052023
05052023
06052023
07052023
08052023
09052023
10052023
11052023
12052023
13052023
14052023
15052023
16052023
17052023
18052023
19052023
20052023
21052023
22052023
23052023
24052023
25052023
26052023
27052023
28052023
29052023
30052023
31052023
01062023
02062023
03062023
04062023
05062023
06062023
07062023
08062023
09062023
10062023
11062023
12062023
13062023
14062023
15062023
16062023
17062023
18062023
19062023
20062023
21062023
22062023
23062023
24062023
25062023
26062023
27062023
28062023
29062023
30062023
01072023
02072023
03072023
04072023
05072023
06072023
07072023
08072023
09072023
10072023
11072023
12072023
13072023
14072023
15072023
16072023
17072023
18072023
19072023
20072023
21072023
22072023
23072023
24072023
25072023
26072023
27072023
28072023
29072023
30072023
31072023
01082023
02082023
03082023
04082023
05082023
06082023
07082023
08082023
09082023
10082023
11082023
12082023
13082023
14082023
15082023
16082023
17082023
18082023
19082023
20082023
21082023
22082023
23082023
24082023
25082023
26082023
27082023
28082023
29082023
30082023
31082023
01092023
02092023
03092023
04092023
05092023
06092023
07092023
08092023
09092023
10092023
11092023
12092023
13092023
14092023
15092023
16092023
17092023
18092023
19092023
20092023
21092023
22092023
23092023
24092023
25092023
26092023
27092023
28092023
29092023
30092023
01102023
02102023
03102023
04102023
05102023
06102023
07102023
08102023
09102023
10102023
11102023
12102023
13102023
14102023
15102023
16102023
17102023
18102023
19102023
20102023
21102023
22102023
23102023
24102023
25102023
26102023
27102023
28102023
29102023
30102023
31102023
01112023
02112023
03112023
04112023
05112023
06112023
07112023
08112023
09112023
10112023
11112023
12112023
13112023
14112023
15112023
16112023
17112023
18112023
19112023
20112023
21112023
22112023
23112023
24112023
25112023
26112023
27112023
28112023
29112023
30112023
01122023
02122023
03122023
04122023
05122023
06122023
07122023
08122023
09122023
10122023
11122023
12122023
13122023
14122023
15122023
16122023
17122023
18122023
19122023
20122023
21122023
22122023
23122023
24122023
25122023
26122023
27122023
28122023
29122023
30122023
31122023
01012024
02012024
03012024
04012024
05012024
06012024
07012024
08012024
09012024
10012024
11012024
12012024
13012024
14012024
15012024
16012024
17012024
18012024
19012024
20012024
21012024
22012024
23012024
24012024
25012024
26012024
27012024
28012024
29012024
30012024
31012024
01022024
02022024
03022024
04022024
05022024
06022024
07022024
08022024
09022024
10022024
11022024
12022024
13022024
14022024
15022024
16022024
17022024
18022024
19022024
20022024
21022024
22022024
23022024
24022024
25022024
26022024
27022024
28022024
29022024
01032024
02032024
03032024
04032024
05032024
06032024
07032024
08032024
09032024
10032024
11032024
12032024
13032024
14032024
15032024
16032024
17032024
18032024
19032024
20032024
21032024
22032024
23032024
24032024
25032024
26032024
27032024
28032024
29032024
30032024
31032024
01042024
02042024
03042024
04042024
05042024
06042024
07042024
08042024
09042024
10042024
11042024
12042024
13042024
14042024
15042024
16042024
17042024
18042024
19042024
20042024
21042024
22042024
23042024
24042024
25042024
26042024
27042024
28042024
29042024
30042024
01052024
02052024
03052024
04052024
05052024
06052024
07052024
08052024
09052024
10052024
11052024
12052024
13052024
14052024
15052024
16052024
17052024
18052024
19052024
20052024
21052024
22052024
23052024
24052024
25052024
26052024
27052024
28052024
29052024
30052024
31052024
01062024
02062024
03062024
04062024
05062024
06062024
07062024
08062024
09062024
10062024
11062024
12062024
13062024
14062024
15062024
16062024
17062024
18062024
19062024
20062024
21062024
22062024
23062024
24062024
25062024
26062024
27062024
28062024
29062024
30062024
01072024
02072024
03072024
04072024
05072024
06072024
07072024
08072024
09072024
10072024
11072024
12072024
13072024
14072024
15072024
16072024
17072024
18072024
19072024
20072024
21072024
22072024
23072024
24072024
25072024
26072024
27072024
28072024
29072024
30072024
31072024
01082024
02082024
03082024
04082024
05082024
06082024
07082024
08082024
09082024
10082024
11082024
12082024
13082024
14082024
15082024
16082024
17082024
18082024
19082024
20082024
21082024
22082024
23082024
24082024
25082024
26082024
27082024
28082024
29082024
30082024
31082024
01092024
02092024
03092024
04092024
05092024
06092024
07092024
08092024
09092024
10092024
11092024
12092024
13092024
14092024
15092024
16092024
17092024
18092024
19092024
20092024
21092024
22092024
23092024
24092024
25092024
26092024
27092024
28092024
29092024
30092024
01102024
02102024
03102024
04102024
05102024
06102024
07102024
08102024
09102024
10102024
11102024
12102024
13102024
14102024
15102024
16102024
17102024
18102024
19102024
20102024
21102024
22102024
23102024
24102024
25102024
26102024
27102024
28102024
29102024
30102024
31102024
01112024
02112024
03112024
04112024
05112024
06112024
07112024
08112024
09112024
10112024
11112024
12112024
13112024
14112024
15112024
16112024
17112024
18112024
19112024
20112024
21112024
22112024
23112024
24112024
25112024
26112024
27112024
28112024
29112024
30112024
01122024
02122024
03122024
04122024
05122024
06122024
07122024
08122024
09122024
10122024
11122024
12122024
13122024
14122024
15122024
16122024
17122024
18122024
19122024
20122024
21122024
22122024
23122024
24122024
25122024
26122024
27122024
28122024
29122024
30122024
31122024
01012025
02012025
03012025
04012025
05012025
06012025
07012025
08012025
09012025
10012025
11012025
12012025
13012025
14012025
15012025
16012025
17012025
18012025
19012025
20012025
21012025
22012025
23012025
24012025
25012025
26012025
27012025
28012025
29012025
30012025
31012025
01022025
02022025
03022025
04022025
05022025
06022025
07022025
08022025
09022025
10022025
11022025
12022025
13022025
14022025
15022025
16022025
17022025
18022025
19022025
20022025
21022025
22022025
23022025
24022025
25022025
26022025
27022025
28022025
01032025
02032025
03032025
04032025
05032025
06032025
07032025
08032025
09032025
10032025
11032025
12032025
13032025
14032025
15032025
16032025
17032025
18032025
19032025
20032025
21032025
22032025
23032025
24032025
25032025
26032025
27032025
28032025
29032025
30032025
31032025
01042025
02042025
03042025
04042025
05042025
06042025
07042025
08042025
09042025
10042025
11042025
12042025
13042025
14042025
15042025
16042025
17042025
18042025
19042025
20042025
21042025
22042025
23042025
24042025
25042025
26042025
27042025
28042025
29042025
30042025
01052025
02052025
03052025
04052025
05052025
06052025
07052025
08052025
09052025
10052025
11052025
12052025
13052025
14052025
15052025
16052025
17052025
18052025
19052025
20052025
21052025
22052025
23052025
24052025
25052025
26052025
27052025
28052025
29052025
30052025
31052025
01062025
02062025
03062025
04062025
05062025
06062025
07062025
08062025
09062025
10062025
11062025
12062025
13062025
14062025
15062025
16062025
17062025
18062025
19062025
20062025
21062025
22062025
23062025
24062025
25062025
26062025
27062025
28062025
29062025
30062025
01072025
02072025
03072025
04072025
05072025
06072025
07072025
08072025
09072025
10072025
11072025
12072025
13072025
14072025
15072025
16072025
17072025
18072025
19072025
20072025
21072025
22072025
23072025
24072025
25072025
26072025
27072025
28072025
29072025
30072025
31072025
01082025
02082025
03082025
04082025
05082025
06082025
07082025
08082025
09082025
10082025
11082025
12082025
13082025
14082025
15082025
16082025
17082025
18082025
19082025
20082025
21082025
22082025
23082025
24082025
25082025
26082025
27082025
28082025
29082025
30082025
31082025
01092025
02092025
03092025
04092025
05092025
06092025
07092025
08092025
09092025
10092025
11092025
12092025
13092025
14092025
15092025
16092025
17092025
18092025
19092025
20092025
21092025
22092025
23092025
24092025
25092025
26092025
27092025
28092025
29092025
30092025
01102025
02102025
03102025
04102025
05102025
06102025
07102025
08102025
09102025
10102025
11102025
12102025
13102025
14102025
15102025
16102025
17102025
18102025
19102025
20102025
21102025
22102025
23102025
24102025
25102025
26102025
27102025
28102025
29102025
30102025
31102025
01112025
02112025
03112025
04112025
05112025
06112025
07112025
08112025
09112025
10112025
11112025
12112025
13112025
14112025
15112025
16112025
17112025
18112025
19112025
20112025
21112025
22112025
23112025
24112025
25112025
26112025
27112025
28112025
29112025
30112025
01122025
02122025
03122025
04122025
05122025
06122025
07122025
08122025
09122025
10122025
11122025
12122025
13122025
14122025
15122025
16122025
17122025
18122025
19122025
20122025
21122025
22122025
23122025
24122025
25122025
26122025
27122025
28122025
29122025
30122025
31122025
01012026
02012026
03012026
04012026
05012026
06012026
07012026
08012026
09012026
10012026
11012026
12012026
13012026
14012026
15012026
16012026
17012026
18012026
19012026
20012026
21012026
22012026
23012026
24012026
25012026
26012026
27012026
28012026
29012026
30012026
31012026
01022026
02022026
03022026
04022026
05022026
06022026
07022026
08022026
09022026
10022026
11022026
12022026
13022026
14022026
15022026
16022026
17022026
18022026
19022026
20022026
21022026
22022026
23022026
24022026
25022026
26022026
27022026
28022026
01032026
02032026
03032026
04032026
05032026
06032026
07032026
08032026
09032026
10032026
11032026
12032026
13032026
14032026
15032026
16032026
17032026
18032026
19032026
20032026
21032026
22032026
23032026
24032026
25032026
26032026
27032026
28032026
29032026
30032026
31032026
01042026
02042026
03042026
04042026
05042026
06042026
07042026
08042026
09042026
10042026
11042026
12042026
13042026
14042026
15042026
16042026
17042026
18042026
19042026
20042026
21042026
22042026
23042026
24042026
25042026
26042026
27042026
28042026
29042026
30042026
01052026
02052026
03052026
04052026
05052026
06052026
07052026
08052026
09052026
10052026
11052026
12052026
13052026
14052026
15052026
16052026
17052026
18052026
19052026
20052026
21052026
22052026
23052026
24052026
25052026
26052026
27052026
28052026
29052026
30052026
31052026
01062026
02062026
03062026
04062026
05062026
06062026
07062026
08062026
09062026
10062026
11062026
12062026
13062026
14062026
15062026
16062026
17062026
18062026
19062026
20062026
21062026
22062026
23062026
24062026
25062026
26062026
27062026
28062026
29062026
30062026
01072026
02072026
03072026
04072026
05072026
06072026
07072026
08072026
09072026
10072026
11072026
12072026
13072026
14072026
15072026
16072026
17072026
18072026
19072026
20072026
21072026
22072026
23072026
24072026
25072026
26072026
27072026
28072026
29072026
30072026
31072026
01082026
02082026
03082026
04082026
05082026
06082026
07082026
08082026
09082026
10082026
11082026
12082026
13082026
14082026
15082026
16082026
17082026
18082026
19082026
20082026
21082026
22082026
23082026
24082026
25082026
26082026
27082026
28082026
29082026
30082026
31082026
01092026
02092026
03092026
04092026
05092026
06092026
07092026
08092026
09092026
10092026
11092026
12092026
13092026
14092026
15092026
16092026
17092026
18092026
19092026
20092026
21092026
22092026
23092026
24092026
25092026
26092026
27092026
28092026
29092026
30092026
01102026
02102026
03102026
04102026
05102026
06102026
07102026
08102026
09102026
10102026
11102026
12102026
13102026
14102026
15102026
16102026
17102026
18102026
19102026
20102026
21102026
22102026
23102026
24102026
25102026
26102026
27102026
28102026
29102026
30102026
31102026
01112026
02112026
03112026
04112026
05112026
06112026
07112026
08112026
09112026
10112026
11112026
12112026
13112026
14112026
15112026
16112026
17112026
18112026
19112026
20112026
21112026
22112026
23112026
24112026
25112026
26112026
27112026
28112026
29112026
30112026
01122026
02122026
03122026
04122026
05122026
06122026
07122026
08122026
09122026
10122026
11122026
12122026
13122026
14122026
15122026
16122026
17122026
18122026
19122026
20122026
21122026
22122026
23122026
24122026
25122026
26122026
27122026
28122026
29122026
30122026
31122026
01012027
02012027
03012027
04012027
05012027
06012027
07012027
08012027
09012027
10012027
11012027
12012027
13012027
14012027
15012027
16012027
17012027
18012027
19012027
20012027
21012027
22012027
23012027
24012027
25012027
26012027
27012027
28012027
29012027
30012027
31012027
01022027
02022027
03022027
04022027
05022027
06022027
07022027
08022027
09022027
10022027
11022027
12022027
13022027
14022027
15022027
16022027
17022027
18022027
19022027
20022027
21022027
22022027
23022027
24022027
25022027
26022027
27022027
28022027
01032027
02032027
03032027
04032027
05032027
06032027
07032027
08032027
09032027
10032027
11032027
12032027
13032027
14032027
15032027
16032027
17032027
18032027
19032027
20032027
21032027
22032027
23032027
24032027
25032027
26032027
27032027
28032027
29032027
30032027
31032027
01042027
02042027
03042027
04042027
05042027
06042027
07042027
08042027
09042027
10042027
11042027
12042027
13042027
14042027
15042027
16042027
17042027
18042027
19042027
20042027
21042027
22042027
23042027
24042027
25042027
26042027
27042027
28042027
29042027
30042027
01052027
02052027
03052027
04052027
05052027
06052027
07052027
08052027
09052027
10052027
11052027
12052027
13052027
14052027
15052027
16052027
17052027
18052027
19052027
20052027
21052027
22052027
23052027
24052027
25052027
26052027
27052027
28052027
29052027
30052027
31052027
01062027
02062027
03062027
04062027
05062027
06062027
07062027
08062027
09062027
10062027
11062027
12062027
13062027
14062027
15062027
16062027
17062027
18062027
19062027
20062027
21062027
22062027
23062027
24062027
25062027
26062027
27062027
28062027
29062027
30062027
01072027
02072027
03072027
04072027
05072027
06072027
07072027
08072027
09072027
10072027
11072027
12072027
13072027
14072027
15072027
16072027
17072027
18072027
19072027
20072027
21072027
22072027
23072027
24072027
25072027
26072027
27072027
28072027
29072027
30072027
31072027
01082027
02082027
03082027
04082027
05082027
06082027
07082027
08082027
09082027
10082027
11082027
12082027
13082027
14082027
15082027
16082027
17082027
18082027
19082027
20082027
21082027
22082027
23082027
24082027
25082027
26082027
27082027
28082027
29082027
30082027
31082027
01092027
02092027
03092027
04092027
05092027
06092027
07092027
08092027
09092027
10092027
11092027
12092027
13092027
14092027
15092027
16092027
17092027
18092027
19092027
20092027
21092027
22092027
23092027
24092027
25092027
26092027
27092027
28092027
29092027
30092027
01102027
02102027
03102027
04102027
05102027
06102027
07102027
08102027
09102027
10102027
11102027
12102027
13102027
14102027
15102027
16102027
17102027
18102027
19102027
20102027
21102027
22102027
23102027
24102027
25102027
26102027
27102027
28102027
29102027
30102027
31102027
01112027
02112027
03112027
04112027
05112027
06112027
07112027
08112027
09112027
10112027
11112027
12112027
13112027
14112027
15112027
16112027
17112027
18112027
19112027
20112027
21112027
22112027
23112027
24112027
25112027
26112027
27112027
28112027
29112027
30112027
01122027
02122027
03122027
04122027
05122027
06122027
07122027
08122027
09122027
10122027
11122027
12122027
13122027
14122027
15122027
16122027
17122027
18122027
19122027
20122027
21122027
22122027
23122027
24122027
25122027
26122027
27122027
28122027
29122027
30122027
31122027
01012028
02012028
03012028
04012028
05012028
06012028
07012028
08012028
09012028
10012028
11012028
12012028
13012028
14012028
15012028
16012028
17012028
18012028
19012028
20012028
21012028
22012028
23012028
24012028
25012028
26012028
27012028
28012028
29012028
30012028
31012028
01022028
02022028
03022028
04022028
05022028
06022028
07022028
08022028
09022028
10022028
11022028
12022028
13022028
14022028
15022028
16022028
17022028
18022028
19022028
20022028
21022028
22022028
23022028
24022028
25022028
26022028
27022028
28022028
29022028
01032028
02032028
03032028
04032028
05032028
06032028
07032028
08032028
09032028
10032028
11032028
12032028
13032028
14032028
15032028
16032028
17032028
18032028
19032028
20032028
21032028
22032028
23032028
24032028
25032028
26032028
27032028
28032028
29032028
30032028
31032028
01042028
02042028
03042028
04042028
05042028
06042028
07042028
08042028
09042028
10042028
11042028
12042028
13042028
14042028
15042028
16042028
17042028
18042028
19042028
20042028
21042028
22042028
23042028
24042028
25042028
26042028
27042028
28042028
29042028
30042028
01052028
02052028
03052028
04052028
05052028
06052028
07052028
08052028
09052028
10052028
11052028
12052028
13052028
14052028
15052028
16052028
17052028
18052028
19052028
20052028
21052028
22052028
23052028
24052028
25052028
26052028
27052028
28052028
29052028
30052028
31052028
01062028
02062028
03062028
04062028
05062028
06062028
07062028
08062028
09062028
10062028
11062028
12062028
13062028
14062028
15062028
16062028
17062028
18062028
19062028
20062028
21062028
22062028
23062028
24062028
25062028
26062028
27062028
28062028
29062028
30062028
01072028
02072028
03072028
04072028
05072028
06072028
07072028
08072028
09072028
10072028
11072028
12072028
13072028
14072028
15072028
16072028
17072028
18072028
19072028
20072028
21072028
22072028
23072028
24072028
25072028
26072028
27072028
28072028
29072028
30072028
31072028
01082028
02082028
03082028
04082028
05082028
06082028
07082028
08082028
09082028
10082028
11082028
12082028
13082028
14082028
15082028
16082028
17082028
18082028
19082028
20082028
21082028
22082028
23082028
24082028
25082028
26082028
27082028
28082028
29082028
30082028
31082028
01092028
02092028
03092028
04092028
05092028
06092028
07092028
08092028
09092028
10092028
11092028
12092028
13092028
14092028
15092028
16092028
17092028
18092028
19092028
20092028
21092028
22092028
23092028
24092028
25092028
26092028
27092028
28092028
29092028
30092028
01102028
02102028
03102028
04102028
05102028
06102028
07102028
08102028
09102028
10102028
11102028
12102028
13102028
14102028
15102028
16102028
17102028
18102028
19102028
20102028
21102028
22102028
23102028
24102028
25102028
26102028
27102028
28102028
29102028
30102028
31102028
01112028
02112028
03112028
04112028
05112028
06112028
07112028
08112028
09112028
10112028
11112028
12112028
13112028
14112028
15112028
16112028
17112028
18112028
19112028
20112028
21112028
22112028
23112028
24112028
25112028
26112028
27112028
28112028
29112028
30112028
01122028
02122028
03122028
04122028
05122028
06122028
07122028
08122028
09122028
10122028
11122028
12122028
13122028
14122028
15122028
16122028
17122028
18122028
19122028
20122028
21122028
22122028
23122028
24122028
25122028
26122028
27122028
28122028
29122028
30122028
31122028
01012029
02012029
03012029
04012029
05012029
06012029
07012029
08012029
09012029
10012029
11012029
12012029
13012029
14012029
15012029
16012029
17012029
18012029
19012029
20012029
21012029
22012029
23012029
24012029
25012029
26012029
27012029
28012029
29012029
30012029
31012029
01022029
02022029
03022029
04022029
05022029
06022029
07022029
08022029
09022029
10022029
11022029
12022029
13022029
14022029
15022029
16022029
17022029
18022029
19022029
20022029
21022029
22022029
23022029
24022029
25022029
26022029
27022029
28022029
01032029
02032029
03032029
04032029
05032029
06032029
07032029
08032029
09032029
10032029
11032029
12032029
13032029
14032029
15032029
16032029
17032029
18032029
19032029
20032029
21032029
22032029
23032029
24032029
25032029
26032029
27032029
28032029
29032029
30032029
31032029
01042029
02042029
03042029
04042029
05042029
06042029
07042029
08042029
09042029
10042029
11042029
12042029
13042029
14042029
15042029
16042029
17042029
18042029
19042029
20042029
21042029
22042029
23042029
24042029
25042029
26042029
27042029
28042029
29042029
30042029
01052029
02052029
03052029
04052029
05052029
06052029
07052029
08052029
09052029
10052029
11052029
12052029
13052029
14052029
15052029
16052029
17052029
18052029
19052029
20052029
21052029
22052029
23052029
24052029
25052029
26052029
27052029
28052029
29052029
30052029
31052029
01062029
02062029
03062029
04062029
05062029
06062029
07062029
08062029
09062029
10062029
11062029
12062029
13062029
14062029
15062029
16062029
17062029
18062029
19062029
20062029
21062029
22062029
23062029
24062029
25062029
26062029
27062029
28062029
29062029
30062029
01072029
02072029
03072029
04072029
05072029
06072029
07072029
08072029
09072029
10072029
11072029
12072029
13072029
14072029
15072029
16072029
17072029
18072029
19072029
20072029
21072029
22072029
23072029
24072029
25072029
26072029
27072029
28072029
29072029
30072029
31072029
01082029
02082029
03082029
04082029
05082029
06082029
07082029
08082029
09082029
10082029
11082029
12082029
13082029
14082029
15082029
16082029
17082029
18082029
19082029
20082029
21082029
22082029
23082029
24082029
25082029
26082029
27082029
28082029
29082029
30082029
31082029
01092029
02092029
03092029
04092029
05092029
06092029
07092029
08092029
09092029
10092029
11092029
12092029
13092029
14092029
15092029
16092029
17092029
18092029
19092029
20092029
21092029
22092029
23092029
24092029
25092029
26092029
27092029
28092029
29092029
30092029
01102029
02102029
03102029
04102029
05102029
06102029
07102029
08102029
09102029
10102029
11102029
12102029
13102029
14102029
15102029
16102029
17102029
18102029
19102029
20102029
21102029
22102029
23102029
24102029
25102029
26102029
27102029
28102029
29102029
30102029
31102029
01112029
02112029
03112029
04112029
05112029
06112029
07112029
08112029
09112029
10112029
11112029
12112029
13112029
14112029
15112029
16112029
17112029
18112029
19112029
20112029
21112029
22112029
23112029
24112029
25112029
26112029
27112029
28112029
29112029
30112029
01122029
02122029
03122029
04122029
05122029
06122029
07122029
08122029
09122029
10122029
11122029
12122029
13122029
14122029
15122029
16122029
17122029
18122029
19122029
20122029
21122029
22122029
23122029
24122029
25122029
26122029
27122029
28122029
29122029
30122029
31122029
01012030
02012030
03012030
04012030
05012030
06012030
07012030
08012030
09012030
10012030
11012030
12012030
13012030
14012030
15012030
16012030
17012030
18012030
19012030
20012030
21012030
22012030
23012030
24012030
25012030
26012030
27012030
28012030
29012030
30012030
31012030
01022030
02022030
03022030
04022030
05022030
06022030
07022030
08022030
09022030
10022030
11022030
12022030
13022030
14022030
15022030
16022030
17022030
18022030
19022030
20022030
21022030
22022030
23022030
24022030
25022030
26022030
27022030
28022030
01032030
02032030
03032030
04032030
05032030
06032030
07032030
08032030
09032030
10032030
11032030
12032030
13032030
14032030
15032030
16032030
17032030
18032030
19032030
20032030
21032030
22032030
23032030
24032030
25032030
26032030
27032030
28032030
29032030
30032030
31032030
01042030
02042030
03042030
04042030
05042030
06042030
07042030
08042030
09042030
10042030
11042030
12042030
13042030
14042030
15042030
16042030
17042030
18042030
19042030
20042030
21042030
22042030
23042030
24042030
25042030
26042030
27042030
28042030
29042030
30042030
01052030
02052030
03052030
04052030
05052030
06052030
07052030
08052030
09052030
10052030
11052030
12052030
13052030
14052030
15052030
16052030
17052030
18052030
19052030
20052030
21052030
22052030
23052030
24052030
25052030
26052030
27052030
28052030
29052030
30052030
31052030
01062030
02062030
03062030
04062030
05062030
06062030
07062030
08062030
09062030
10062030
11062030
12062030
13062030
14062030
15062030
16062030
17062030
18062030
19062030
20062030
21062030
22062030
23062030
24062030
25062030
26062030
27062030
28062030
29062030
30062030
01072030
02072030
03072030
04072030
05072030
06072030
07072030
08072030
09072030
10072030
11072030
12072030
13072030
14072030
15072030
16072030
17072030
18072030
19072030
20072030
21072030
22072030
23072030
24072030
25072030
26072030
27072030
28072030
29072030
30072030
31072030
01082030
02082030
03082030
04082030
05082030
06082030
07082030
08082030
09082030
10082030
11082030
12082030
13082030
14082030
15082030
16082030
17082030
18082030
19082030
20082030
21082030
22082030
23082030
24082030
25082030
26082030
27082030
28082030
29082030
30082030
31082030
01092030
02092030
03092030
04092030
05092030
06092030
07092030
08092030
09092030
10092030
11092030
12092030
13092030
14092030
15092030
16092030
17092030
18092030
19092030
20092030
21092030
22092030
23092030
24092030
25092030
26092030
27092030
28092030
29092030
30092030
01102030
02102030
03102030
04102030
05102030
06102030
07102030
08102030
09102030
10102030
11102030
12102030
13102030
14102030
15102030
16102030
17102030
18102030
19102030
20102030
21102030
22102030
23102030
24102030
25102030
26102030
27102030
28102030
29102030
30102030
31102030
01112030
02112030
03112030
04112030
05112030
06112030
07112030
08112030
09112030
10112030
11112030
12112030
13112030
14112030
15112030
16112030
17112030
18112030
19112030
20112030
21112030
22112030
23112030
24112030
25112030
26112030
27112030
28112030
29112030
30112030
01122030
02122030
03122030
04122030
05122030
06122030
07122030
08122030
09122030
10122030
11122030
12122030
13122030
14122030
15122030
16122030
17122030
18122030
19122030
20122030
21122030
22122030
23122030
24122030
25122030
26122030
27122030
28122030
29122030
30122030
31122030
